c PicoSAT SAT Solver Version 936
c Copyright (c) 2006 - 2010 Armin Biere JKU Linz
c gcc -DSTATS -DTRACE -Wall -Wextra -DNDEBUG -O2
c
c using 2 as default phase
c
c parsing infile.cnf
c parsed header 'p cnf 660 15776'
c initialized 660 variables
c found 15776 non trivial clauses
c
c random number generator seed 0
c 
c  seconds     variables   original    learned     learning        MB
c         level        used      conflicts    limit      agility
c 
c s   0.0   0.0   660   0.0 14876     0     0     0   0.0   0.0   0.7 
c 
c initial reduction limit 7438 clauses
c 
c +   0.0  59.2   660  17.1 14876   100   100  8181  90.0  13.0   0.7 
c R   0.0  59.2   660  17.1 14876   100   100  8181  90.0  13.0   0.7 
c +   0.0  51.8   660  31.1 14876   250   250  8999  91.2  17.7   0.7 
c R   0.0  55.5   660  33.2 14876   402   402  8999  92.8  20.7   0.7 
c +   0.0  53.7   660  33.2 14876   475   475  9898  92.8  22.2   0.7 
c +   0.0  55.3   660  34.1 14876   812   811 10887  95.4  24.8   0.8 
c N   0.0  57.4   660  34.1 14876  1204  1203 10887  96.8  26.1   0.8 
c +   0.0  57.8   660  34.1 14876  1317  1316 11975  96.8  25.9   0.8 
c +   0.0  60.3   660  34.1 14876  2074  2073 13172  98.0  26.9   0.9 
c +   0.1  61.5   660  34.1 14876  3209  3208 14489  98.7  26.1   1.0 
c N   0.1  61.5   660  34.1 14876  3213  3212 14489  98.7  26.1   1.0 
c +   0.1  63.6   660  34.1 14876  4911  4910 15937  99.0  24.1   1.2 
c +   0.2  64.3   660  34.1 14876  7464  7463 17530  99.2  27.1   1.5 
c N   0.2  64.5   660  34.1 14876  8027  8026 17530  99.2  29.6   1.6 
c +   0.2  64.6   660  34.1 14876 11293 11292 19283  99.1  28.9   2.0 
c +   0.4  64.9   660  34.1 14876 17036 17035 21211  99.2  27.7   2.6 
c N   0.5  64.8   660  34.1 14876 19257 19256 21211  99.3  27.7   2.9 
c +   0.7  64.8   660  34.1 14876 25650 15037 23332  99.3  27.3   2.5 
c +   1.1  64.3   660  34.1 14876 38571 16287 25665  99.3  28.5   2.7 
c N   1.3  64.2   660  34.1 14876 44914 22630 25665  99.4  28.6   3.3 
c 
c  seconds     variables   original    learned     learning        MB
c         level        used      conflicts    limit      agility
c 
c +   1.6  64.2   660  34.7 14876 52107 25676 28231  99.4  27.6   3.7 
c +   1.9  64.2   660  34.7 14876 57280 28241 31054  99.4  27.5   4.0 
c +   1.9  64.3   660  34.7 14876 57952 28913 34159  99.4  27.7   4.1 
c +   2.4  64.0   660  34.7 14876 69108 34178 37574  99.4  28.1   5.0 
c +   2.8  63.9   660  34.7 14876 75890 37591 41331  99.5  28.5   5.4 
c +   3.2  63.8   660  34.7 14876 83128 41343 45464  99.5  27.1   5.9 
c +   3.4  63.8   660  34.7 14876 87023 45238 50010  99.5  28.2   6.3 
c +   4.1  63.7   660  34.7 14876 100e3 50018 55011  99.5  28.4   6.8 
c N   4.2  63.6   660  34.7 14876 102e3 52234 55011  99.5  28.2   7.0 
c +   4.7  63.7   660  34.7 14876 109e3 55023 60512  99.5  30.2   7.3 
c +   5.6  63.5   660  34.7 14876 120e3 60531 66563  99.5  29.2   8.0 
c +   6.5  63.3   660  34.7 14876 130e3 64833 73219  99.5  29.5   8.9 
c +   7.6  62.7   660  34.7 14876 145e3 73225 80540  99.6  27.9   9.8 
c s   8.8  62.1   659  34.7 14876 158e3 78817 80540  99.6  27.8  10.4 
c N   8.8  62.1   659  36.4 14876 158e3 78917 80540  99.6  29.0  10.4 
c N   8.8  62.1   659  36.4 14876 158e3 79217 80540  99.6  33.5  10.5 
c N   8.8  62.1   659  36.4 14876 159e3 80018 80540  99.6  33.4  10.6 
c +   8.9  62.1   659  42.9 14876 160e3 80549 88594  99.6  31.8  10.6 
c N   8.9  62.2   659  42.9 14876 161e3 81980 88594  99.6  28.3  10.8 
c N   9.0  62.4   659  43.0 14876 166e3 86790 88594  99.6  25.6  11.3 
c +   9.3  62.2   659  45.8 14876 177e3 88604 97453  99.6  28.9  11.6 
c N   9.3  62.2   659  45.8 14876 177e3 88990 97453  99.6  28.5  11.7 
c 
c  seconds     variables   original    learned     learning        MB
c         level        used      conflicts    limit      agility
c 
c +  10.0  61.9   659  45.8 14876 194e3 97468 107e3  99.6  29.1  12.7 
c +  10.1  61.9   659  45.8 14876 196e3 98590 117e3  99.6  31.2  12.8 
c N  10.4  61.7   659  45.8 14876 203e3 105e3 117e3  99.6  28.7  13.7 
c +  12.1  61.1   659  45.8 14876 235e3 117e3 129e3  99.6  29.4  15.1 
c +  14.4  60.7   659  45.8 14876 259e3 129e3 142e3  99.6  27.9  16.5 
c N  14.6  60.6   659  45.8 14876 260e3 131e3 142e3  99.6  28.5  17.2 
